1.499999999999999944e-01	0.000000000000000000e+00	1.000000000000000000e+00
1.499999999999999944e-01	2.500000000000000000e-01	1.000000000000000000e+00
1.499999999999999944e-01	5.000000000000000000e-01	1.000000000000000000e+00
1.499999999999999944e-01	7.500000000000000000e-01	1.000000000000000000e+00
1.499999999999999944e-01	1.000000000000000000e+00	1.000000000000000000e+00
1.499999999999999944e-01	1.250000000000000000e+00	1.000000000000000000e+00
1.499999999999999944e-01	1.500000000000000000e+00	1.000000000000000000e+00
1.499999999999999944e-01	1.750000000000000000e+00	1.000000000000000000e+00
1.499999999999999944e-01	2.000000000000000000e+00	1.000000000000000000e+00
1.499999999999999944e-01	2.250000000000000000e+00	1.000000000000000000e+00
1.499999999999999944e-01	2.500000000000000000e+00	1.000000000000000000e+00
1.499999999999999944e-01	2.750000000000000000e+00	1.000000000000000000e+00
1.499999999999999944e-01	3.000000000000000000e+00	1.000000000000000000e+00
-1.499999999999999944e-01	3.000000000000000000e+00	2.000000000000000000e+00
-1.499999999999999944e-01	2.750000000000000000e+00	2.000000000000000000e+00
-1.499999999999999944e-01	2.500000000000000000e+00	2.000000000000000000e+00
-1.499999999999999944e-01	2.250000000000000000e+00	2.000000000000000000e+00
-1.499999999999999944e-01	2.000000000000000000e+00	2.000000000000000000e+00
-1.499999999999999944e-01	1.750000000000000000e+00	2.000000000000000000e+00
-1.499999999999999944e-01	1.500000000000000000e+00	2.000000000000000000e+00
-1.499999999999999944e-01	1.250000000000000000e+00	2.000000000000000000e+00
-1.499999999999999944e-01	1.000000000000000000e+00	2.000000000000000000e+00
-1.499999999999999944e-01	7.500000000000000000e-01	2.000000000000000000e+00
-1.499999999999999944e-01	5.000000000000000000e-01	2.000000000000000000e+00
-1.499999999999999944e-01	2.500000000000000000e-01	2.000000000000000000e+00
-1.499999999999999944e-01	0.000000000000000000e+00	2.000000000000000000e+00
1.590286999999999951e-01	4.148029999999999773e-01	1.000000000000000000e+00
-1.590286999999999951e-01	2.585196999999999967e+00	2.000000000000000000e+00
1.615556999999999965e-01	8.163108999999999504e-01	1.000000000000000000e+00
-1.615556999999999965e-01	2.183689000000000213e+00	2.000000000000000000e+00
1.627657999999999883e-01	1.628365000000000062e+00	1.000000000000000000e+00
-1.627657999999999883e-01	1.371634999999999938e+00	2.000000000000000000e+00
1.638635999999999981e-01	7.786450000000000315e-01	1.000000000000000000e+00
-1.638635999999999981e-01	2.221354999999999968e+00	2.000000000000000000e+00
1.743435000000000124e-01	5.312497000000000469e-01	1.000000000000000000e+00
-1.743435000000000124e-01	2.468750000000000000e+00	2.000000000000000000e+00
1.781861999999999890e-01	1.774766000000000066e+00	1.000000000000000000e+00
-1.781861999999999890e-01	1.225233999999999934e+00	2.000000000000000000e+00
1.821549000000000085e-01	1.170735000000000081e+00	1.000000000000000000e+00
-1.821549000000000085e-01	1.829264999999999919e+00	2.000000000000000000e+00
1.851598000000000133e-01	4.267521000000000231e-01	1.000000000000000000e+00
-1.851598000000000133e-01	2.573247999999999980e+00	2.000000000000000000e+00
1.882799000000000000e-01	1.410506000000000038e+00	1.000000000000000000e+00
-1.882799000000000000e-01	1.589493999999999962e+00	2.000000000000000000e+00
1.885689999999999866e-01	1.376921999999999979e+00	1.000000000000000000e+00
-1.885689999999999866e-01	1.623078000000000021e+00	2.000000000000000000e+00
1.966324999999999878e-01	1.707699999999999996e+00	1.000000000000000000e+00
-1.966324999999999878e-01	1.292300000000000004e+00	2.000000000000000000e+00
2.075332000000000010e-01	1.206061999999999967e+00	1.000000000000000000e+00
-2.075332000000000010e-01	1.793938000000000033e+00	2.000000000000000000e+00
2.076226999999999934e-01	1.103336000000000094e+00	1.000000000000000000e+00
-2.076226999999999934e-01	1.896663999999999906e+00	2.000000000000000000e+00
2.114884999999999959e-01	9.417250000000000343e-01	1.000000000000000000e+00
-2.114884999999999959e-01	2.058275000000000077e+00	2.000000000000000000e+00
2.118931000000000009e-01	2.819646999999999792e+00	1.000000000000000000e+00
-2.118931000000000009e-01	1.803527000000000047e-01	2.000000000000000000e+00
2.125710000000000099e-01	2.896754000000000273e-01	1.000000000000000000e+00
-2.125710000000000099e-01	2.710325000000000095e+00	2.000000000000000000e+00
2.128912000000000027e-01	1.398911999999999933e+00	1.000000000000000000e+00
-2.128912000000000027e-01	1.601088000000000067e+00	2.000000000000000000e+00
2.147422999999999971e-01	2.239866000000000135e+00	1.000000000000000000e+00
-2.147422999999999971e-01	7.601343999999999879e-01	2.000000000000000000e+00
2.191172000000000120e-01	1.423021999999999898e-01	1.000000000000000000e+00
-2.191172000000000120e-01	2.857698000000000071e+00	2.000000000000000000e+00
2.200189999999999924e-01	1.433140999999999998e-01	1.000000000000000000e+00
-2.200189999999999924e-01	2.856685999999999837e+00	2.000000000000000000e+00
2.225045999999999968e-01	4.031977999999999951e-01	1.000000000000000000e+00
-2.225045999999999968e-01	2.596801999999999833e+00	2.000000000000000000e+00
2.242973000000000050e-01	4.770325000000000260e-01	1.000000000000000000e+00
-2.242973000000000050e-01	2.522966999999999960e+00	2.000000000000000000e+00
2.300088000000000132e-01	1.972407999999999939e+00	1.000000000000000000e+00
-2.300088000000000132e-01	1.027592000000000061e+00	2.000000000000000000e+00
2.300904000000000005e-01	1.130745999999999973e-01	1.000000000000000000e+00
-2.300904000000000005e-01	2.886925000000000185e+00	2.000000000000000000e+00
2.306558999999999970e-01	1.760405999999999915e+00	1.000000000000000000e+00
-2.306558999999999970e-01	1.239594000000000085e+00	2.000000000000000000e+00
2.345367999999999897e-01	1.358276000000000039e+00	1.000000000000000000e+00
-2.345367999999999897e-01	1.641723999999999961e+00	2.000000000000000000e+00
2.382129000000000052e-01	5.116846000000000450e-01	1.000000000000000000e+00
-2.382129000000000052e-01	2.488315000000000055e+00	2.000000000000000000e+00
2.418566000000000049e-01	9.933720999999999801e-01	1.000000000000000000e+00
-2.418566000000000049e-01	2.006628000000000078e+00	2.000000000000000000e+00
2.460321000000000036e-01	2.472903000000000073e+00	1.000000000000000000e+00
-2.460321000000000036e-01	5.270968000000000320e-01	2.000000000000000000e+00
2.465841000000000005e-01	1.129497999999999891e+00	1.000000000000000000e+00
-2.465841000000000005e-01	1.870502000000000109e+00	2.000000000000000000e+00
2.491533999999999971e-01	2.619870000000000143e+00	1.000000000000000000e+00
-2.491533999999999971e-01	3.801298000000000177e-01	2.000000000000000000e+00
2.494161000000000017e-01	3.291569999999999774e-01	1.000000000000000000e+00
-2.494161000000000017e-01	2.670843000000000078e+00	2.000000000000000000e+00
2.566993000000000191e-01	7.093930000000000513e-01	1.000000000000000000e+00
-2.566993000000000191e-01	2.290607000000000060e+00	2.000000000000000000e+00
2.571354000000000140e-01	2.745334999999999859e+00	1.000000000000000000e+00
-2.571354000000000140e-01	2.546654999999999891e-01	2.000000000000000000e+00
2.576923999999999881e-01	5.191772999999999527e-01	1.000000000000000000e+00
-2.576923999999999881e-01	2.480823000000000000e+00	2.000000000000000000e+00
2.598366999999999760e-01	4.058427000000000007e-01	1.000000000000000000e+00
-2.598366999999999760e-01	2.594157000000000046e+00	2.000000000000000000e+00
2.618317000000000005e-01	1.324411000000000005e+00	1.000000000000000000e+00
-2.618317000000000005e-01	1.675588999999999995e+00	2.000000000000000000e+00
2.634652000000000105e-01	1.329585999999999935e+00	1.000000000000000000e+00
-2.634652000000000105e-01	1.670414000000000065e+00	2.000000000000000000e+00
2.648148000000000168e-01	5.025863000000000413e-01	1.000000000000000000e+00
-2.648148000000000168e-01	2.497414000000000023e+00	2.000000000000000000e+00
2.660564000000000262e-01	1.526218000000000075e+00	1.000000000000000000e+00
-2.660564000000000262e-01	1.473781999999999925e+00	2.000000000000000000e+00
2.693419000000000230e-01	1.218526999999999916e+00	1.000000000000000000e+00
-2.693419000000000230e-01	1.781473000000000084e+00	2.000000000000000000e+00
2.696098000000000106e-01	1.901248000000000049e+00	1.000000000000000000e+00
-2.696098000000000106e-01	1.098751999999999951e+00	2.000000000000000000e+00
2.699735999999999803e-01	2.191088000000000147e+00	1.000000000000000000e+00
-2.699735999999999803e-01	8.089121999999999701e-01	2.000000000000000000e+00
2.717430000000000123e-01	1.616855000000000098e-01	1.000000000000000000e+00
-2.717430000000000123e-01	2.838314000000000004e+00	2.000000000000000000e+00
2.728465999999999947e-01	2.388412000000000202e+00	1.000000000000000000e+00
-2.728465999999999947e-01	6.115876000000000090e-01	2.000000000000000000e+00
2.758364999999999845e-01	5.975127000000000077e-01	1.000000000000000000e+00
-2.758364999999999845e-01	2.402486999999999817e+00	2.000000000000000000e+00
2.778668000000000249e-01	1.449905999999999917e+00	1.000000000000000000e+00
-2.778668000000000249e-01	1.550094000000000083e+00	2.000000000000000000e+00
2.803567000000000142e-01	4.630023999999999806e-01	1.000000000000000000e+00
-2.803567000000000142e-01	2.536998000000000086e+00	2.000000000000000000e+00
2.834706000000000170e-01	2.363583000000000212e+00	1.000000000000000000e+00
-2.834706000000000170e-01	6.364174999999999693e-01	2.000000000000000000e+00
2.842296999999999740e-01	1.212199000000000026e+00	1.000000000000000000e+00
-2.842296999999999740e-01	1.787800999999999974e+00	2.000000000000000000e+00
2.895140999999999964e-01	8.353710999999999776e-02	1.000000000000000000e+00
-2.895140999999999964e-01	2.916462999999999806e+00	2.000000000000000000e+00
2.932009999999999894e-01	1.312038999999999955e+00	1.000000000000000000e+00
-2.932009999999999894e-01	1.687961000000000045e+00	2.000000000000000000e+00
2.970827999999999802e-01	4.075717999999999841e-01	1.000000000000000000e+00
-2.970827999999999802e-01	2.592427999999999955e+00	2.000000000000000000e+00
2.983450999999999742e-01	6.802379000000000064e-02	1.000000000000000000e+00
-2.983450999999999742e-01	2.931976000000000138e+00	2.000000000000000000e+00
3.016370999999999913e-01	3.751968999999999999e-01	1.000000000000000000e+00
-3.016370999999999913e-01	2.624802999999999997e+00	2.000000000000000000e+00
3.054490000000000260e-01	1.232012000000000107e+00	1.000000000000000000e+00
-3.054490000000000260e-01	1.767987999999999893e+00	2.000000000000000000e+00
3.074712000000000001e-01	6.354180000000000383e-01	1.000000000000000000e+00
-3.074712000000000001e-01	2.364581999999999962e+00	2.000000000000000000e+00
3.078279999999999905e-01	1.768243000000000009e+00	1.000000000000000000e+00
-3.078279999999999905e-01	1.231756999999999991e+00	2.000000000000000000e+00
3.096033000000000257e-01	1.735786999999999969e+00	1.000000000000000000e+00
-3.096033000000000257e-01	1.264213000000000031e+00	2.000000000000000000e+00
3.111457999999999724e-01	1.635374000000000105e+00	1.000000000000000000e+00
-3.111457999999999724e-01	1.364625999999999895e+00	2.000000000000000000e+00
3.123868000000000200e-01	8.317942999999999865e-01	1.000000000000000000e+00
-3.123868000000000200e-01	2.168206000000000078e+00	2.000000000000000000e+00
3.141579999999999928e-01	1.156145999999999896e+00	1.000000000000000000e+00
-3.141579999999999928e-01	1.843854000000000104e+00	2.000000000000000000e+00
3.182379000000000180e-01	1.477028000000000008e+00	1.000000000000000000e+00
-3.182379000000000180e-01	1.522971999999999992e+00	2.000000000000000000e+00
3.216316000000000175e-01	1.264256999999999964e+00	1.000000000000000000e+00
-3.216316000000000175e-01	1.735743000000000036e+00	2.000000000000000000e+00
3.218975000000000031e-01	1.063380999999999910e+00	1.000000000000000000e+00
-3.218975000000000031e-01	1.936619000000000090e+00	2.000000000000000000e+00
3.264251000000000236e-01	1.701106999999999925e+00	1.000000000000000000e+00
-3.264251000000000236e-01	1.298893000000000075e+00	2.000000000000000000e+00
3.291699000000000153e-01	1.036580999999999975e+00	1.000000000000000000e+00
-3.291699000000000153e-01	1.963419000000000025e+00	2.000000000000000000e+00
3.311432999999999738e-01	1.206059000000000020e-01	1.000000000000000000e+00
-3.311432999999999738e-01	2.879394000000000009e+00	2.000000000000000000e+00
3.371696000000000137e-01	7.681691999999999965e-01	1.000000000000000000e+00
-3.371696000000000137e-01	2.231831000000000120e+00	2.000000000000000000e+00
3.376604999999999746e-01	1.012583000000000011e+00	1.000000000000000000e+00
-3.376604999999999746e-01	1.987416999999999989e+00	2.000000000000000000e+00
3.379613000000000200e-01	5.504799999999999693e-01	1.000000000000000000e+00
-3.379613000000000200e-01	2.449520000000000142e+00	2.000000000000000000e+00
3.414080999999999921e-01	4.471486000000000072e-01	1.000000000000000000e+00
-3.414080999999999921e-01	2.552850999999999981e+00	2.000000000000000000e+00
3.425256999999999885e-01	3.337976000000000276e-01	1.000000000000000000e+00
-3.425256999999999885e-01	2.666202000000000183e+00	2.000000000000000000e+00
3.595862000000000225e-01	3.188951000000000285e-02	1.000000000000000000e+00
-3.595862000000000225e-01	2.968109999999999804e+00	2.000000000000000000e+00
3.711732999999999838e-01	4.717409000000000185e-02	1.000000000000000000e+00
-3.711732999999999838e-01	2.952825999999999951e+00	2.000000000000000000e+00
3.721513000000000182e-01	2.007321000000000133e+00	1.000000000000000000e+00
-3.721513000000000182e-01	9.926787999999999723e-01	2.000000000000000000e+00
3.734064999999999745e-01	9.716540000000000177e-01	1.000000000000000000e+00
-3.734064999999999745e-01	2.028345999999999982e+00	2.000000000000000000e+00
3.778437000000000046e-01	4.830122000000000027e-01	1.000000000000000000e+00
-3.778437000000000046e-01	2.516988000000000003e+00	2.000000000000000000e+00
3.783228000000000146e-01	1.270008000000000026e+00	1.000000000000000000e+00
-3.783228000000000146e-01	1.729991999999999974e+00	2.000000000000000000e+00
3.807124000000000064e-01	7.697273999999999505e-01	1.000000000000000000e+00
-3.807124000000000064e-01	2.230272999999999950e+00	2.000000000000000000e+00
3.807146000000000141e-01	1.778783000000000003e+00	1.000000000000000000e+00
-3.807146000000000141e-01	1.221216999999999997e+00	2.000000000000000000e+00
3.812158999999999964e-01	1.108173000000000075e+00	1.000000000000000000e+00
-3.812158999999999964e-01	1.891826999999999925e+00	2.000000000000000000e+00
3.813644999999999952e-01	8.001702000000000536e-01	1.000000000000000000e+00
-3.813644999999999952e-01	2.199829999999999952e+00	2.000000000000000000e+00
3.876998999999999862e-01	1.151977000000000029e+00	1.000000000000000000e+00
-3.876998999999999862e-01	1.848022999999999971e+00	2.000000000000000000e+00
3.910726999999999953e-01	1.922517999999999949e+00	1.000000000000000000e+00
-3.910726999999999953e-01	1.077482000000000051e+00	2.000000000000000000e+00
3.945121999999999796e-01	4.325141000000000228e-03	1.000000000000000000e+00
-3.945121999999999796e-01	2.995674999999999866e+00	2.000000000000000000e+00
3.956985000000000086e-01	1.660598000000000019e+00	1.000000000000000000e+00
-3.956985000000000086e-01	1.339401999999999981e+00	2.000000000000000000e+00
3.992117000000000027e-01	6.859279000000000348e-01	1.000000000000000000e+00
-3.992117000000000027e-01	2.314071999999999907e+00	2.000000000000000000e+00
4.000000000000000222e-01	0.000000000000000000e+00	1.000000000000000000e+00
4.000000000000000222e-01	2.500000000000000000e-01	1.000000000000000000e+00
4.000000000000000222e-01	5.000000000000000000e-01	1.000000000000000000e+00
4.000000000000000222e-01	7.500000000000000000e-01	1.000000000000000000e+00
4.000000000000000222e-01	1.000000000000000000e+00	1.000000000000000000e+00
4.000000000000000222e-01	1.250000000000000000e+00	1.000000000000000000e+00
4.000000000000000222e-01	1.500000000000000000e+00	1.000000000000000000e+00
4.000000000000000222e-01	1.750000000000000000e+00	1.000000000000000000e+00
4.000000000000000222e-01	2.000000000000000000e+00	1.000000000000000000e+00
4.000000000000000222e-01	2.250000000000000000e+00	1.000000000000000000e+00
4.000000000000000222e-01	2.500000000000000000e+00	1.000000000000000000e+00
4.000000000000000222e-01	2.750000000000000000e+00	1.000000000000000000e+00
4.000000000000000222e-01	3.000000000000000000e+00	1.000000000000000000e+00
-4.000000000000000222e-01	3.000000000000000000e+00	2.000000000000000000e+00
-4.000000000000000222e-01	2.750000000000000000e+00	2.000000000000000000e+00
-4.000000000000000222e-01	2.500000000000000000e+00	2.000000000000000000e+00
-4.000000000000000222e-01	2.250000000000000000e+00	2.000000000000000000e+00
-4.000000000000000222e-01	2.000000000000000000e+00	2.000000000000000000e+00
-4.000000000000000222e-01	1.750000000000000000e+00	2.000000000000000000e+00
-4.000000000000000222e-01	1.500000000000000000e+00	2.000000000000000000e+00
-4.000000000000000222e-01	1.250000000000000000e+00	2.000000000000000000e+00
-4.000000000000000222e-01	1.000000000000000000e+00	2.000000000000000000e+00
-4.000000000000000222e-01	7.500000000000000000e-01	2.000000000000000000e+00
-4.000000000000000222e-01	5.000000000000000000e-01	2.000000000000000000e+00
-4.000000000000000222e-01	2.500000000000000000e-01	2.000000000000000000e+00
-4.000000000000000222e-01	0.000000000000000000e+00	2.000000000000000000e+00
4.047086999999999768e-01	5.137827000000000366e-01	1.000000000000000000e+00
-4.047086999999999768e-01	2.486216999999999899e+00	2.000000000000000000e+00
4.072795000000000165e-01	1.523792999999999953e+00	1.000000000000000000e+00
-4.072795000000000165e-01	1.476207000000000047e+00	2.000000000000000000e+00
4.099953000000000070e-01	2.510920999999999847e-01	1.000000000000000000e+00
-4.099953000000000070e-01	2.748908000000000129e+00	2.000000000000000000e+00
4.155145000000000088e-01	3.015766999999999753e-01	1.000000000000000000e+00
-4.155145000000000088e-01	2.698423000000000016e+00	2.000000000000000000e+00
4.171098999999999779e-01	1.250850000000000017e+00	1.000000000000000000e+00
-4.171098999999999779e-01	1.749149999999999983e+00	2.000000000000000000e+00
4.183467000000000158e-01	5.320084000000000479e-01	1.000000000000000000e+00
-4.183467000000000158e-01	2.467992000000000186e+00	2.000000000000000000e+00
4.194075999999999915e-01	6.814010999999999818e-01	1.000000000000000000e+00
-4.194075999999999915e-01	2.318598999999999855e+00	2.000000000000000000e+00
4.249932000000000154e-01	1.336846999999999897e+00	1.000000000000000000e+00
-4.249932000000000154e-01	1.663153000000000103e+00	2.000000000000000000e+00
4.258531999999999873e-01	1.029719000000000051e-01	1.000000000000000000e+00
-4.258531999999999873e-01	2.897028000000000159e+00	2.000000000000000000e+00
4.290398999999999741e-01	3.307652999999999843e-01	1.000000000000000000e+00
-4.290398999999999741e-01	2.669235000000000024e+00	2.000000000000000000e+00
4.290685000000000193e-01	1.119710999999999901e+00	1.000000000000000000e+00
-4.290685000000000193e-01	1.880289000000000099e+00	2.000000000000000000e+00
4.296214999999999895e-01	7.993691000000000546e-01	1.000000000000000000e+00
-4.296214999999999895e-01	2.200631000000000004e+00	2.000000000000000000e+00
4.333924000000000110e-01	4.051421000000000050e-01	1.000000000000000000e+00
-4.333924000000000110e-01	2.594857999999999887e+00	2.000000000000000000e+00
4.371803000000000217e-01	8.875961999999999463e-01	1.000000000000000000e+00
-4.371803000000000217e-01	2.112404000000000170e+00	2.000000000000000000e+00
4.372891999999999890e-01	2.087356000000000211e+00	1.000000000000000000e+00
-4.372891999999999890e-01	9.126440000000000108e-01	2.000000000000000000e+00
4.382901000000000158e-01	5.917094000000000520e-01	1.000000000000000000e+00
-4.382901000000000158e-01	2.408291000000000182e+00	2.000000000000000000e+00
4.385707999999999829e-01	5.665972000000000230e-01	1.000000000000000000e+00
-4.385707999999999829e-01	2.433403000000000205e+00	2.000000000000000000e+00
4.419585999999999792e-01	1.054921999999999915e+00	1.000000000000000000e+00
-4.419585999999999792e-01	1.945078000000000085e+00	2.000000000000000000e+00
4.494008999999999920e-01	1.190002999999999922e+00	1.000000000000000000e+00
-4.494008999999999920e-01	1.809997000000000078e+00	2.000000000000000000e+00
4.570640000000000258e-01	1.513136000000000037e+00	1.000000000000000000e+00
-4.570640000000000258e-01	1.486863999999999963e+00	2.000000000000000000e+00
4.577915000000000179e-01	3.201957000000000275e-01	1.000000000000000000e+00
-4.577915000000000179e-01	2.679803999999999853e+00	2.000000000000000000e+00
4.594225000000000114e-01	4.676331999999999711e-02	1.000000000000000000e+00
-4.594225000000000114e-01	2.953237000000000112e+00	2.000000000000000000e+00
4.596048999999999829e-01	9.484232999999999691e-01	1.000000000000000000e+00
-4.596048999999999829e-01	2.051576999999999984e+00	2.000000000000000000e+00
4.627218000000000164e-01	1.125750999999999974e-01	1.000000000000000000e+00
-4.627218000000000164e-01	2.887424999999999908e+00	2.000000000000000000e+00
4.669432000000000027e-01	3.164208000000000021e-01	1.000000000000000000e+00
-4.669432000000000027e-01	2.683578999999999937e+00	2.000000000000000000e+00
4.790962000000000276e-01	1.604419999999999957e+00	1.000000000000000000e+00
-4.790962000000000276e-01	1.395580000000000043e+00	2.000000000000000000e+00
4.839056999999999942e-01	8.575939999999999952e-02	1.000000000000000000e+00
-4.839056999999999942e-01	2.914241000000000081e+00	2.000000000000000000e+00
4.896096999999999810e-01	8.924048999999999454e-01	1.000000000000000000e+00
-4.896096999999999810e-01	2.107594999999999885e+00	2.000000000000000000e+00
4.908720999999999779e-01	2.446108999999999867e+00	1.000000000000000000e+00
-4.908720999999999779e-01	5.538914000000000337e-01	2.000000000000000000e+00
4.933811000000000169e-01	8.898163999999999518e-01	1.000000000000000000e+00
-4.933811000000000169e-01	2.110183999999999838e+00	2.000000000000000000e+00
4.948296999999999835e-01	8.723402999999999574e-01	1.000000000000000000e+00
-4.948296999999999835e-01	2.127660000000000107e+00	2.000000000000000000e+00
4.950632999999999839e-01	1.146554000000000073e+00	1.000000000000000000e+00
-4.950632999999999839e-01	1.853445999999999927e+00	2.000000000000000000e+00
4.969153000000000042e-01	3.508453999999999740e-01	1.000000000000000000e+00
-4.969153000000000042e-01	2.649154999999999927e+00	2.000000000000000000e+00
5.029493999999999909e-01	1.640497000000000094e+00	1.000000000000000000e+00
-5.029493999999999909e-01	1.359502999999999906e+00	2.000000000000000000e+00
5.106127999999999778e-01	5.589511000000000340e-01	1.000000000000000000e+00
-5.106127999999999778e-01	2.441049000000000024e+00	2.000000000000000000e+00
5.141514000000000362e-01	1.923950000000000049e+00	1.000000000000000000e+00
-5.141514000000000362e-01	1.076049999999999951e+00	2.000000000000000000e+00
5.149534000000000056e-01	5.966704000000000452e-01	1.000000000000000000e+00
-5.149534000000000056e-01	2.403329999999999966e+00	2.000000000000000000e+00
5.193522000000000416e-01	5.801705000000000334e-01	1.000000000000000000e+00
-5.193522000000000416e-01	2.419829000000000008e+00	2.000000000000000000e+00
5.202484000000000552e-01	2.327847999999999917e+00	1.000000000000000000e+00
-5.202484000000000552e-01	6.721523999999999832e-01	2.000000000000000000e+00
5.249945000000000306e-01	1.193762999999999908e+00	1.000000000000000000e+00
-5.249945000000000306e-01	1.806237000000000092e+00	2.000000000000000000e+00
5.287964000000000553e-01	1.114298000000000011e+00	1.000000000000000000e+00
-5.287964000000000553e-01	1.885701999999999989e+00	2.000000000000000000e+00
5.344835999999999476e-01	1.937084000000000028e-01	1.000000000000000000e+00
-5.344835999999999476e-01	2.806292000000000009e+00	2.000000000000000000e+00
5.359570999999999641e-01	1.035468000000000055e+00	1.000000000000000000e+00
-5.359570999999999641e-01	1.964531999999999945e+00	2.000000000000000000e+00
5.379553999999999725e-01	1.837439999999999962e+00	1.000000000000000000e+00
-5.379553999999999725e-01	1.162560000000000038e+00	2.000000000000000000e+00
5.416033000000000097e-01	9.865262999999999671e-01	1.000000000000000000e+00
-5.416033000000000097e-01	2.013473999999999986e+00	2.000000000000000000e+00
5.464588999999999697e-01	1.559094999999999898e+00	1.000000000000000000e+00
-5.464588999999999697e-01	1.440905000000000102e+00	2.000000000000000000e+00
5.485269999999999868e-01	3.236402000000000202e-03	1.000000000000000000e+00
-5.485269999999999868e-01	2.996764000000000205e+00	2.000000000000000000e+00
5.505449999999999511e-01	1.212007999999999974e+00	1.000000000000000000e+00
-5.505449999999999511e-01	1.787992000000000026e+00	2.000000000000000000e+00
5.596236999999999462e-01	4.486647999999999747e-01	1.000000000000000000e+00
-5.596236999999999462e-01	2.551334999999999908e+00	2.000000000000000000e+00
5.625204999999999789e-01	4.960253000000000023e-01	1.000000000000000000e+00
-5.625204999999999789e-01	2.503975000000000062e+00	2.000000000000000000e+00
5.637142000000000541e-01	3.890775000000000206e-01	1.000000000000000000e+00
-5.637142000000000541e-01	2.610921999999999965e+00	2.000000000000000000e+00
5.658218000000000414e-01	2.833255000000000079e-01	1.000000000000000000e+00
-5.658218000000000414e-01	2.716673999999999811e+00	2.000000000000000000e+00
5.662135000000000362e-01	6.884019000000000110e-01	1.000000000000000000e+00
-5.662135000000000362e-01	2.311598000000000042e+00	2.000000000000000000e+00
5.748421000000000225e-01	1.122576999999999936e+00	1.000000000000000000e+00
-5.748421000000000225e-01	1.877423000000000064e+00	2.000000000000000000e+00
5.774025999999999881e-01	2.796107999999999816e+00	1.000000000000000000e+00
-5.774025999999999881e-01	2.038922999999999985e-01	2.000000000000000000e+00
5.814302000000000081e-01	1.668222000000000038e-01	1.000000000000000000e+00
-5.814302000000000081e-01	2.833178000000000196e+00	2.000000000000000000e+00
5.862851000000000035e-01	1.183229000000000086e+00	1.000000000000000000e+00
-5.862851000000000035e-01	1.816770999999999914e+00	2.000000000000000000e+00
5.870796999999999821e-01	5.316456000000000515e-01	1.000000000000000000e+00
-5.870796999999999821e-01	2.468354000000000159e+00	2.000000000000000000e+00
5.878875999999999546e-01	9.621663000000000299e-01	1.000000000000000000e+00
-5.878875999999999546e-01	2.037834000000000145e+00	2.000000000000000000e+00
5.914580000000000393e-01	9.215803000000000189e-01	1.000000000000000000e+00
-5.914580000000000393e-01	2.078419999999999934e+00	2.000000000000000000e+00
5.919754999999999878e-01	9.601927999999999574e-01	1.000000000000000000e+00
-5.919754999999999878e-01	2.039807000000000148e+00	2.000000000000000000e+00
5.932857999999999743e-01	5.780433000000000376e-01	1.000000000000000000e+00
-5.932857999999999743e-01	2.421956999999999915e+00	2.000000000000000000e+00
5.986304999999999543e-01	2.083979000000000040e-02	1.000000000000000000e+00
-5.986304999999999543e-01	2.979159999999999808e+00	2.000000000000000000e+00
5.990343000000000195e-01	2.095035999999999898e+00	1.000000000000000000e+00
-5.990343000000000195e-01	9.049644999999999495e-01	2.000000000000000000e+00
6.111016000000000226e-01	1.740105999999999875e-01	1.000000000000000000e+00
-6.111016000000000226e-01	2.825988999999999862e+00	2.000000000000000000e+00
6.139873000000000136e-01	1.104884000000000005e-01	1.000000000000000000e+00
-6.139873000000000136e-01	2.889511999999999858e+00	2.000000000000000000e+00
6.144612000000000407e-01	1.695122000000000018e+00	1.000000000000000000e+00
-6.144612000000000407e-01	1.304877999999999982e+00	2.000000000000000000e+00
6.154140000000000166e-01	7.443096999999999630e-01	1.000000000000000000e+00
-6.154140000000000166e-01	2.255689999999999973e+00	2.000000000000000000e+00
6.183355999999999852e-01	1.569917000000000007e+00	1.000000000000000000e+00
-6.183355999999999852e-01	1.430082999999999993e+00	2.000000000000000000e+00
6.190008000000000177e-01	1.099888999999999895e+00	1.000000000000000000e+00
-6.190008000000000177e-01	1.900111000000000105e+00	2.000000000000000000e+00
6.281470999999999583e-01	2.519070999999999949e-01	1.000000000000000000e+00
-6.281470999999999583e-01	2.748092999999999897e+00	2.000000000000000000e+00
6.311561999999999450e-01	5.256579000000000113e-01	1.000000000000000000e+00
-6.311561999999999450e-01	2.474342000000000041e+00	2.000000000000000000e+00
6.369766999999999513e-01	1.310557999999999890e+00	1.000000000000000000e+00
-6.369766999999999513e-01	1.689442000000000110e+00	2.000000000000000000e+00
6.408698000000000450e-01	1.672589000000000103e+00	1.000000000000000000e+00
-6.408698000000000450e-01	1.327410999999999897e+00	2.000000000000000000e+00
6.412482000000000459e-01	8.766338999999999659e-01	1.000000000000000000e+00
-6.412482000000000459e-01	2.123365999999999865e+00	2.000000000000000000e+00
6.479759999999999964e-01	7.098659000000000496e-01	1.000000000000000000e+00
-6.479759999999999964e-01	2.290134000000000114e+00	2.000000000000000000e+00
6.500000000000000222e-01	0.000000000000000000e+00	1.000000000000000000e+00
6.500000000000000222e-01	2.500000000000000000e-01	1.000000000000000000e+00
6.500000000000000222e-01	5.000000000000000000e-01	1.000000000000000000e+00
6.500000000000000222e-01	7.500000000000000000e-01	1.000000000000000000e+00
6.500000000000000222e-01	1.000000000000000000e+00	1.000000000000000000e+00
6.500000000000000222e-01	1.250000000000000000e+00	1.000000000000000000e+00
6.500000000000000222e-01	1.500000000000000000e+00	1.000000000000000000e+00
6.500000000000000222e-01	1.750000000000000000e+00	1.000000000000000000e+00
6.500000000000000222e-01	2.000000000000000000e+00	1.000000000000000000e+00
6.500000000000000222e-01	2.250000000000000000e+00	1.000000000000000000e+00
6.500000000000000222e-01	2.500000000000000000e+00	1.000000000000000000e+00
6.500000000000000222e-01	2.750000000000000000e+00	1.000000000000000000e+00
6.500000000000000222e-01	3.000000000000000000e+00	1.000000000000000000e+00
-6.500000000000000222e-01	3.000000000000000000e+00	2.000000000000000000e+00
-6.500000000000000222e-01	2.750000000000000000e+00	2.000000000000000000e+00
-6.500000000000000222e-01	2.500000000000000000e+00	2.000000000000000000e+00
-6.500000000000000222e-01	2.250000000000000000e+00	2.000000000000000000e+00
-6.500000000000000222e-01	2.000000000000000000e+00	2.000000000000000000e+00
-6.500000000000000222e-01	1.750000000000000000e+00	2.000000000000000000e+00
-6.500000000000000222e-01	1.500000000000000000e+00	2.000000000000000000e+00
-6.500000000000000222e-01	1.250000000000000000e+00	2.000000000000000000e+00
-6.500000000000000222e-01	1.000000000000000000e+00	2.000000000000000000e+00
-6.500000000000000222e-01	7.500000000000000000e-01	2.000000000000000000e+00
-6.500000000000000222e-01	5.000000000000000000e-01	2.000000000000000000e+00
-6.500000000000000222e-01	2.500000000000000000e-01	2.000000000000000000e+00
-6.500000000000000222e-01	0.000000000000000000e+00	2.000000000000000000e+00
6.603031999999999790e-01	2.678281000000000134e+00	1.000000000000000000e+00
-6.603031999999999790e-01	3.217191999999999830e-01	2.000000000000000000e+00
6.725039999999999907e-01	5.118711000000000233e-01	1.000000000000000000e+00
-6.725039999999999907e-01	2.488128999999999813e+00	2.000000000000000000e+00
6.771163999999999517e-01	3.684962999999999989e-01	1.000000000000000000e+00
-6.771163999999999517e-01	2.631504000000000065e+00	2.000000000000000000e+00
6.789737000000000133e-01	4.810934000000000044e-01	1.000000000000000000e+00
-6.789737000000000133e-01	2.518907000000000007e+00	2.000000000000000000e+00
6.841190999999999800e-01	1.557152000000000092e+00	1.000000000000000000e+00
-6.841190999999999800e-01	1.442847999999999908e+00	2.000000000000000000e+00
6.905430000000000179e-01	8.031462999999999797e-01	1.000000000000000000e+00
-6.905430000000000179e-01	2.196854000000000084e+00	2.000000000000000000e+00
6.950526999999999678e-01	1.630227000000000093e+00	1.000000000000000000e+00
-6.950526999999999678e-01	1.369772999999999907e+00	2.000000000000000000e+00
6.976963000000000470e-01	2.627756999999999898e+00	1.000000000000000000e+00
-6.976963000000000470e-01	3.722431999999999963e-01	2.000000000000000000e+00
7.105622000000000327e-01	2.329278999999999933e-01	1.000000000000000000e+00
-7.105622000000000327e-01	2.767072000000000198e+00	2.000000000000000000e+00
7.138832999999999984e-01	1.457997999999999905e+00	1.000000000000000000e+00
-7.138832999999999984e-01	1.542002000000000095e+00	2.000000000000000000e+00
7.141429999999999723e-01	6.539141000000000536e-01	1.000000000000000000e+00
-7.141429999999999723e-01	2.346086000000000116e+00	2.000000000000000000e+00
7.149575000000000236e-01	1.896756000000000109e+00	1.000000000000000000e+00
-7.149575000000000236e-01	1.103243999999999891e+00	2.000000000000000000e+00
7.165424000000000238e-01	2.863430999999999962e-02	1.000000000000000000e+00
-7.165424000000000238e-01	2.971366000000000174e+00	2.000000000000000000e+00
7.174534000000000189e-01	1.624808000000000030e+00	1.000000000000000000e+00
-7.174534000000000189e-01	1.375191999999999970e+00	2.000000000000000000e+00
7.186970000000000303e-01	2.083126000000000033e+00	1.000000000000000000e+00
-7.186970000000000303e-01	9.168737999999999611e-01	2.000000000000000000e+00
7.323775999999999620e-01	2.846709000000000156e+00	1.000000000000000000e+00
-7.323775999999999620e-01	1.532909000000000077e-01	2.000000000000000000e+00
7.347331000000000278e-01	7.078737999999999975e-01	1.000000000000000000e+00
-7.347331000000000278e-01	2.292126000000000108e+00	2.000000000000000000e+00
7.482292000000000387e-01	4.649516000000000204e-01	1.000000000000000000e+00
-7.482292000000000387e-01	2.535048000000000190e+00	2.000000000000000000e+00
7.536608999999999670e-01	7.741727000000000469e-01	1.000000000000000000e+00
-7.536608999999999670e-01	2.225827000000000222e+00	2.000000000000000000e+00
7.542560000000000375e-01	1.693389999999999951e+00	1.000000000000000000e+00
-7.542560000000000375e-01	1.306610000000000049e+00	2.000000000000000000e+00
7.560459999999999958e-01	1.305693999999999910e+00	1.000000000000000000e+00
-7.560459999999999958e-01	1.694306000000000090e+00	2.000000000000000000e+00
7.592986000000000457e-01	8.903426999999999869e-02	1.000000000000000000e+00
-7.592986000000000457e-01	2.910966000000000165e+00	2.000000000000000000e+00
7.594632999999999523e-01	2.688126999999999791e-03	1.000000000000000000e+00
-7.594632999999999523e-01	2.997311999999999976e+00	2.000000000000000000e+00
7.625779999999999781e-01	7.959311999999999498e-01	1.000000000000000000e+00
-7.625779999999999781e-01	2.204069000000000056e+00	2.000000000000000000e+00
7.666184000000000331e-01	1.597525000000000084e+00	1.000000000000000000e+00
-7.666184000000000331e-01	1.402474999999999916e+00	2.000000000000000000e+00
7.686802000000000357e-01	2.656696000000000168e+00	1.000000000000000000e+00
-7.686802000000000357e-01	3.433043000000000067e-01	2.000000000000000000e+00
7.689055999999999669e-01	1.773506000000000027e+00	1.000000000000000000e+00
-7.689055999999999669e-01	1.226493999999999973e+00	2.000000000000000000e+00
7.722710000000000408e-01	1.081496999999999931e+00	1.000000000000000000e+00
-7.722710000000000408e-01	1.918503000000000069e+00	2.000000000000000000e+00
7.774723000000000050e-01	3.560796999999999990e-01	1.000000000000000000e+00
-7.774723000000000050e-01	2.643920000000000048e+00	2.000000000000000000e+00
7.775486000000000342e-01	4.979995999999999867e-01	1.000000000000000000e+00
-7.775486000000000342e-01	2.501999999999999780e+00	2.000000000000000000e+00
7.775908999999999738e-01	1.238407000000000036e+00	1.000000000000000000e+00
-7.775908999999999738e-01	1.761592999999999964e+00	2.000000000000000000e+00
7.845558999999999727e-01	1.978908000000000056e-01	1.000000000000000000e+00
-7.845558999999999727e-01	2.802109000000000183e+00	2.000000000000000000e+00
7.879840999999999651e-01	1.041814000000000018e+00	1.000000000000000000e+00
-7.879840999999999651e-01	1.958185999999999982e+00	2.000000000000000000e+00
7.887929000000000190e-01	6.778280999999999890e-02	1.000000000000000000e+00
-7.887929000000000190e-01	2.932217000000000073e+00	2.000000000000000000e+00
7.929909000000000541e-01	2.290321999999999913e-01	1.000000000000000000e+00
-7.929909000000000541e-01	2.770967999999999876e+00	2.000000000000000000e+00
7.941975999999999480e-01	3.307105000000000183e-01	1.000000000000000000e+00
-7.941975999999999480e-01	2.669289000000000023e+00	2.000000000000000000e+00
7.962875000000000369e-01	3.122288999999999759e-01	1.000000000000000000e+00
-7.962875000000000369e-01	2.687771000000000132e+00	2.000000000000000000e+00
8.018781000000000381e-01	2.417637000000000036e+00	1.000000000000000000e+00
-8.018781000000000381e-01	5.823629000000000167e-01	2.000000000000000000e+00
8.040374000000000132e-01	4.015010999999999997e-01	1.000000000000000000e+00
-8.040374000000000132e-01	2.598498999999999892e+00	2.000000000000000000e+00
8.077246000000000148e-01	3.391628999999999894e-01	1.000000000000000000e+00
-8.077246000000000148e-01	2.660836999999999897e+00	2.000000000000000000e+00
8.160372000000000181e-01	1.454163000000000094e+00	1.000000000000000000e+00
-8.160372000000000181e-01	1.545836999999999906e+00	2.000000000000000000e+00
8.213574000000000153e-01	4.269850000000000034e-01	1.000000000000000000e+00
-8.213574000000000153e-01	2.573014999999999830e+00	2.000000000000000000e+00
8.215126999999999846e-01	9.001371999999999707e-01	1.000000000000000000e+00
-8.215126999999999846e-01	2.099863000000000035e+00	2.000000000000000000e+00
8.231127000000000304e-01	8.951778000000000513e-02	1.000000000000000000e+00
-8.231127000000000304e-01	2.910482000000000014e+00	2.000000000000000000e+00
8.371281999999999890e-01	8.248212999999999795e-01	1.000000000000000000e+00
-8.371281999999999890e-01	2.175178999999999974e+00	2.000000000000000000e+00
8.441330999999999696e-01	2.340866000000000058e-01	1.000000000000000000e+00
-8.441330999999999696e-01	2.765912999999999844e+00	2.000000000000000000e+00
8.496466999999999770e-01	1.629334000000000060e+00	1.000000000000000000e+00
-8.496466999999999770e-01	1.370665999999999940e+00	2.000000000000000000e+00
8.713265999999999512e-01	9.046246999999999483e-01	1.000000000000000000e+00
-8.713265999999999512e-01	2.095375000000000210e+00	2.000000000000000000e+00
8.761189999999999811e-01	3.240062000000000220e-01	1.000000000000000000e+00
-8.761189999999999811e-01	2.675994000000000206e+00	2.000000000000000000e+00
8.767867000000000299e-01	1.317469000000000001e+00	1.000000000000000000e+00
-8.767867000000000299e-01	1.682530999999999999e+00	2.000000000000000000e+00
8.825267999999999446e-01	7.479386999999999841e-02	1.000000000000000000e+00
-8.825267999999999446e-01	2.925206000000000195e+00	2.000000000000000000e+00
8.825336999999999765e-01	1.004072999999999993e+00	1.000000000000000000e+00
-8.825336999999999765e-01	1.995927000000000007e+00	2.000000000000000000e+00
8.855313999999999686e-01	1.103250000000000064e+00	1.000000000000000000e+00
-8.855313999999999686e-01	1.896749999999999936e+00	2.000000000000000000e+00
8.872577000000000380e-01	1.407237999999999989e+00	1.000000000000000000e+00
-8.872577000000000380e-01	1.592762000000000011e+00	2.000000000000000000e+00
8.881752000000000535e-01	1.256645000000000123e-01	1.000000000000000000e+00
-8.881752000000000535e-01	2.874336000000000002e+00	2.000000000000000000e+00
8.990664000000000433e-01	1.322518000000000082e+00	1.000000000000000000e+00
-8.990664000000000433e-01	1.677481999999999918e+00	2.000000000000000000e+00
9.000000000000000222e-01	0.000000000000000000e+00	1.000000000000000000e+00
9.000000000000000222e-01	2.500000000000000000e-01	1.000000000000000000e+00
9.000000000000000222e-01	5.000000000000000000e-01	1.000000000000000000e+00
9.000000000000000222e-01	7.500000000000000000e-01	1.000000000000000000e+00
9.000000000000000222e-01	1.000000000000000000e+00	1.000000000000000000e+00
9.000000000000000222e-01	1.250000000000000000e+00	1.000000000000000000e+00
9.000000000000000222e-01	1.500000000000000000e+00	1.000000000000000000e+00
9.000000000000000222e-01	1.750000000000000000e+00	1.000000000000000000e+00
9.000000000000000222e-01	2.000000000000000000e+00	1.000000000000000000e+00
9.000000000000000222e-01	2.250000000000000000e+00	1.000000000000000000e+00
9.000000000000000222e-01	2.500000000000000000e+00	1.000000000000000000e+00
9.000000000000000222e-01	2.750000000000000000e+00	1.000000000000000000e+00
9.000000000000000222e-01	3.000000000000000000e+00	1.000000000000000000e+00
-9.000000000000000222e-01	3.000000000000000000e+00	2.000000000000000000e+00
-9.000000000000000222e-01	2.750000000000000000e+00	2.000000000000000000e+00
-9.000000000000000222e-01	2.500000000000000000e+00	2.000000000000000000e+00
-9.000000000000000222e-01	2.250000000000000000e+00	2.000000000000000000e+00
-9.000000000000000222e-01	2.000000000000000000e+00	2.000000000000000000e+00
-9.000000000000000222e-01	1.750000000000000000e+00	2.000000000000000000e+00
-9.000000000000000222e-01	1.500000000000000000e+00	2.000000000000000000e+00
-9.000000000000000222e-01	1.250000000000000000e+00	2.000000000000000000e+00
-9.000000000000000222e-01	1.000000000000000000e+00	2.000000000000000000e+00
-9.000000000000000222e-01	7.500000000000000000e-01	2.000000000000000000e+00
-9.000000000000000222e-01	5.000000000000000000e-01	2.000000000000000000e+00
-9.000000000000000222e-01	2.500000000000000000e-01	2.000000000000000000e+00
-9.000000000000000222e-01	0.000000000000000000e+00	2.000000000000000000e+00
9.003273999999999999e-01	1.625825999999999993e+00	1.000000000000000000e+00
-9.003273999999999999e-01	1.374174000000000007e+00	2.000000000000000000e+00
9.034678000000000431e-01	1.004936000000000051e+00	1.000000000000000000e+00
-9.034678000000000431e-01	1.995063999999999949e+00	2.000000000000000000e+00
9.054689999999999683e-01	1.112974999999999937e-01	1.000000000000000000e+00
-9.054689999999999683e-01	2.888703000000000021e+00	2.000000000000000000e+00
9.129247999999999807e-01	9.388442000000000176e-01	1.000000000000000000e+00
-9.129247999999999807e-01	2.061155999999999988e+00	2.000000000000000000e+00
9.135881000000000141e-01	2.498750999999999889e-01	1.000000000000000000e+00
-9.135881000000000141e-01	2.750125000000000153e+00	2.000000000000000000e+00
9.153282999999999836e-01	7.336483000000000310e-01	1.000000000000000000e+00
-9.153282999999999836e-01	2.266351999999999922e+00	2.000000000000000000e+00
9.252582000000000306e-01	2.174571999999999949e+00	1.000000000000000000e+00
-9.252582000000000306e-01	8.254283000000000037e-01	2.000000000000000000e+00
9.256946000000000341e-01	1.683847000000000094e+00	1.000000000000000000e+00
-9.256946000000000341e-01	1.316152999999999906e+00	2.000000000000000000e+00
9.260376000000000163e-01	2.013725000000000098e-01	1.000000000000000000e+00
-9.260376000000000163e-01	2.798627000000000198e+00	2.000000000000000000e+00
9.312028999999999446e-01	6.205222999999999989e-02	1.000000000000000000e+00
-9.312028999999999446e-01	2.937948000000000004e+00	2.000000000000000000e+00
9.344985000000000097e-01	4.874028999999999723e-01	1.000000000000000000e+00
-9.344985000000000097e-01	2.512596999999999969e+00	2.000000000000000000e+00
9.345042999999999545e-01	1.188776999999999973e+00	1.000000000000000000e+00
-9.345042999999999545e-01	1.811223000000000027e+00	2.000000000000000000e+00
9.357195000000000373e-01	6.250149999999999872e-01	1.000000000000000000e+00
-9.357195000000000373e-01	2.374985000000000124e+00	2.000000000000000000e+00
9.369762000000000368e-01	1.265755000000000075e-01	1.000000000000000000e+00
-9.369762000000000368e-01	2.873425000000000118e+00	2.000000000000000000e+00
9.370410000000000128e-01	2.338119999999999976e+00	1.000000000000000000e+00
-9.370410000000000128e-01	6.618796000000000124e-01	2.000000000000000000e+00
9.379043000000000241e-01	2.416885000000000172e+00	1.000000000000000000e+00
-9.379043000000000241e-01	5.831148999999999916e-01	2.000000000000000000e+00
9.431277000000000132e-01	1.762636000000000092e+00	1.000000000000000000e+00
-9.431277000000000132e-01	1.237363999999999908e+00	2.000000000000000000e+00
9.520724000000000409e-01	6.720325999999999800e-01	1.000000000000000000e+00
-9.520724000000000409e-01	2.327967000000000120e+00	2.000000000000000000e+00
9.581186999999999898e-01	1.242804999999999938e+00	1.000000000000000000e+00
-9.581186999999999898e-01	1.757195000000000062e+00	2.000000000000000000e+00
9.641781000000000379e-01	9.580574999999999508e-02	1.000000000000000000e+00
-9.641781000000000379e-01	2.904193999999999942e+00	2.000000000000000000e+00
9.754152000000000378e-01	3.373026000000000080e-01	1.000000000000000000e+00
-9.754152000000000378e-01	2.662697000000000092e+00	2.000000000000000000e+00
9.801301000000000041e-01	1.025973000000000024e+00	1.000000000000000000e+00
-9.801301000000000041e-01	1.974026999999999976e+00	2.000000000000000000e+00
9.809282000000000279e-01	3.540931999999999968e-01	1.000000000000000000e+00
-9.809282000000000279e-01	2.645906999999999787e+00	2.000000000000000000e+00
9.818348999999999549e-01	1.131689000000000028e-01	1.000000000000000000e+00
-9.818348999999999549e-01	2.886830999999999925e+00	2.000000000000000000e+00
9.861039000000000332e-01	2.242643999999999860e+00	1.000000000000000000e+00
-9.861039000000000332e-01	7.573558000000000234e-01	2.000000000000000000e+00
9.865996000000000210e-01	2.929276000000000102e-01	1.000000000000000000e+00
-9.865996000000000210e-01	2.707072000000000145e+00	2.000000000000000000e+00
1.005406999999999940e+00	6.197487999999999886e-01	1.000000000000000000e+00
-1.005406999999999940e+00	2.380250999999999895e+00	2.000000000000000000e+00
1.008383000000000029e+00	1.258388999999999980e+00	1.000000000000000000e+00
-1.008383000000000029e+00	1.741611000000000020e+00	2.000000000000000000e+00
1.013325999999999949e+00	1.845752999999999977e+00	1.000000000000000000e+00
-1.013325999999999949e+00	1.154247000000000023e+00	2.000000000000000000e+00
1.022400999999999893e+00	1.020811999999999969e-01	1.000000000000000000e+00
-1.022400999999999893e+00	2.897918999999999912e+00	2.000000000000000000e+00
1.025252000000000052e+00	3.079416999999999918e-02	1.000000000000000000e+00
-1.025252000000000052e+00	2.969205999999999790e+00	2.000000000000000000e+00
1.029670000000000085e+00	8.197406000000000414e-01	1.000000000000000000e+00
-1.029670000000000085e+00	2.180258999999999947e+00	2.000000000000000000e+00
1.044621000000000022e+00	9.255659000000000525e-01	1.000000000000000000e+00
-1.044621000000000022e+00	2.074434000000000111e+00	2.000000000000000000e+00
1.049959000000000087e+00	9.120466000000000406e-01	1.000000000000000000e+00
-1.049959000000000087e+00	2.087953000000000170e+00	2.000000000000000000e+00
1.060705000000000009e+00	1.686207000000000122e-01	1.000000000000000000e+00
-1.060705000000000009e+00	2.831379000000000090e+00	2.000000000000000000e+00
1.062469000000000108e+00	1.427847000000000088e+00	1.000000000000000000e+00
-1.062469000000000108e+00	1.572152999999999912e+00	2.000000000000000000e+00
1.064443000000000028e+00	7.996609000000000078e-01	1.000000000000000000e+00
-1.064443000000000028e+00	2.200339000000000045e+00	2.000000000000000000e+00
1.083169999999999966e+00	2.876447999999999894e+00	1.000000000000000000e+00
-1.083169999999999966e+00	1.235517000000000004e-01	2.000000000000000000e+00
1.084275000000000100e+00	2.534225999999999979e-01	1.000000000000000000e+00
-1.084275000000000100e+00	2.746576999999999824e+00	2.000000000000000000e+00
1.089299000000000017e+00	1.994199000000000055e+00	1.000000000000000000e+00
-1.089299000000000017e+00	1.005800999999999945e+00	2.000000000000000000e+00
1.089914999999999967e+00	1.581474000000000046e+00	1.000000000000000000e+00
-1.089914999999999967e+00	1.418525999999999954e+00	2.000000000000000000e+00
1.093358999999999970e+00	4.141473999999999989e-01	1.000000000000000000e+00
-1.093358999999999970e+00	2.585853000000000179e+00	2.000000000000000000e+00
1.095866000000000007e+00	1.937939999999999996e+00	1.000000000000000000e+00
-1.095866000000000007e+00	1.062060000000000004e+00	2.000000000000000000e+00
1.096095000000000041e+00	4.944272000000000111e-01	1.000000000000000000e+00
-1.096095000000000041e+00	2.505573000000000050e+00	2.000000000000000000e+00
1.097564999999999902e+00	2.625602000000000213e-01	1.000000000000000000e+00
-1.097564999999999902e+00	2.737439999999999873e+00	2.000000000000000000e+00
1.099639999999999951e+00	3.458129999999999815e-01	1.000000000000000000e+00
-1.099639999999999951e+00	2.654186999999999852e+00	2.000000000000000000e+00
1.103080999999999978e+00	3.166486000000000023e-01	1.000000000000000000e+00
-1.103080999999999978e+00	2.683351000000000042e+00	2.000000000000000000e+00
1.103250000000000064e+00	1.787314999999999987e+00	1.000000000000000000e+00
-1.103250000000000064e+00	1.212685000000000013e+00	2.000000000000000000e+00
1.105977999999999906e+00	1.318824999999999914e+00	1.000000000000000000e+00
-1.105977999999999906e+00	1.681175000000000086e+00	2.000000000000000000e+00
1.142147999999999941e+00	4.848650999999999933e-01	1.000000000000000000e+00
-1.142147999999999941e+00	2.515134999999999899e+00	2.000000000000000000e+00
1.145108000000000015e+00	3.593989000000000211e-01	1.000000000000000000e+00
-1.145108000000000015e+00	2.640601000000000198e+00	2.000000000000000000e+00
1.145669999999999966e+00	1.541909999999999947e-01	1.000000000000000000e+00
-1.145669999999999966e+00	2.845809000000000033e+00	2.000000000000000000e+00
1.148616000000000081e+00	1.357286999999999910e+00	1.000000000000000000e+00
-1.148616000000000081e+00	1.642713000000000090e+00	2.000000000000000000e+00
1.149999999999999911e+00	0.000000000000000000e+00	1.000000000000000000e+00
1.149999999999999911e+00	2.500000000000000000e-01	1.000000000000000000e+00
1.149999999999999911e+00	5.000000000000000000e-01	1.000000000000000000e+00
1.149999999999999911e+00	7.500000000000000000e-01	1.000000000000000000e+00
1.149999999999999911e+00	1.000000000000000000e+00	1.000000000000000000e+00
1.149999999999999911e+00	1.250000000000000000e+00	1.000000000000000000e+00
1.149999999999999911e+00	1.500000000000000000e+00	1.000000000000000000e+00
1.149999999999999911e+00	1.750000000000000000e+00	1.000000000000000000e+00
1.149999999999999911e+00	2.000000000000000000e+00	1.000000000000000000e+00
1.149999999999999911e+00	2.250000000000000000e+00	1.000000000000000000e+00
1.149999999999999911e+00	2.500000000000000000e+00	1.000000000000000000e+00
1.149999999999999911e+00	2.750000000000000000e+00	1.000000000000000000e+00
1.149999999999999911e+00	3.000000000000000000e+00	1.000000000000000000e+00
-1.149999999999999911e+00	3.000000000000000000e+00	2.000000000000000000e+00
-1.149999999999999911e+00	2.750000000000000000e+00	2.000000000000000000e+00
-1.149999999999999911e+00	2.500000000000000000e+00	2.000000000000000000e+00
-1.149999999999999911e+00	2.250000000000000000e+00	2.000000000000000000e+00
-1.149999999999999911e+00	2.000000000000000000e+00	2.000000000000000000e+00
-1.149999999999999911e+00	1.750000000000000000e+00	2.000000000000000000e+00
-1.149999999999999911e+00	1.500000000000000000e+00	2.000000000000000000e+00
-1.149999999999999911e+00	1.250000000000000000e+00	2.000000000000000000e+00
-1.149999999999999911e+00	1.000000000000000000e+00	2.000000000000000000e+00
-1.149999999999999911e+00	7.500000000000000000e-01	2.000000000000000000e+00
-1.149999999999999911e+00	5.000000000000000000e-01	2.000000000000000000e+00
-1.149999999999999911e+00	2.500000000000000000e-01	2.000000000000000000e+00
-1.149999999999999911e+00	0.000000000000000000e+00	2.000000000000000000e+00
1.164897999999999989e+00	1.015675999999999940e-01	1.000000000000000000e+00
-1.164897999999999989e+00	2.898432000000000119e+00	2.000000000000000000e+00
1.165286999999999962e+00	1.895291999999999977e+00	1.000000000000000000e+00
-1.165286999999999962e+00	1.104708000000000023e+00	2.000000000000000000e+00
1.166725000000000012e+00	1.934506999999999977e+00	1.000000000000000000e+00
-1.166725000000000012e+00	1.065493000000000023e+00	2.000000000000000000e+00
1.169121999999999995e+00	1.895391999999999966e+00	1.000000000000000000e+00
-1.169121999999999995e+00	1.104608000000000034e+00	2.000000000000000000e+00
1.171842999999999968e+00	2.502276000000000167e+00	1.000000000000000000e+00
-1.171842999999999968e+00	4.977245000000000141e-01	2.000000000000000000e+00
1.182989000000000068e+00	1.787641999999999953e+00	1.000000000000000000e+00
-1.182989000000000068e+00	1.212358000000000047e+00	2.000000000000000000e+00
1.188217999999999996e+00	1.165605000000000002e+00	1.000000000000000000e+00
-1.188217999999999996e+00	1.834394999999999998e+00	2.000000000000000000e+00
1.190455000000000041e+00	1.446477000000000013e+00	1.000000000000000000e+00
-1.190455000000000041e+00	1.553522999999999987e+00	2.000000000000000000e+00
1.198280000000000012e+00	8.940386000000000166e-01	1.000000000000000000e+00
-1.198280000000000012e+00	2.105961000000000194e+00	2.000000000000000000e+00
1.202542000000000000e+00	1.642336000000000018e+00	1.000000000000000000e+00
-1.202542000000000000e+00	1.357663999999999982e+00	2.000000000000000000e+00
1.206647000000000025e+00	1.185324000000000044e+00	1.000000000000000000e+00
-1.206647000000000025e+00	1.814675999999999956e+00	2.000000000000000000e+00
1.207414999999999905e+00	1.378234999999999877e-01	1.000000000000000000e+00
-1.207414999999999905e+00	2.862175999999999831e+00	2.000000000000000000e+00
1.211589000000000027e+00	1.639000000000000012e+00	1.000000000000000000e+00
-1.211589000000000027e+00	1.360999999999999988e+00	2.000000000000000000e+00
1.212815999999999894e+00	7.511605999999999561e-01	1.000000000000000000e+00
-1.212815999999999894e+00	2.248838999999999810e+00	2.000000000000000000e+00
1.219151000000000096e+00	1.207735000000000003e+00	1.000000000000000000e+00
-1.219151000000000096e+00	1.792264999999999997e+00	2.000000000000000000e+00
1.227419999999999956e+00	5.484541000000000555e-01	1.000000000000000000e+00
-1.227419999999999956e+00	2.451546000000000003e+00	2.000000000000000000e+00
1.228347999999999995e+00	1.126014999999999988e+00	1.000000000000000000e+00
-1.228347999999999995e+00	1.873985000000000012e+00	2.000000000000000000e+00
1.228704000000000018e+00	1.531551000000000107e+00	1.000000000000000000e+00
-1.228704000000000018e+00	1.468448999999999893e+00	2.000000000000000000e+00
1.229694000000000065e+00	7.213893000000000111e-01	1.000000000000000000e+00
-1.229694000000000065e+00	2.278611000000000164e+00	2.000000000000000000e+00
1.239074000000000009e+00	1.006422000000000011e-01	1.000000000000000000e+00
-1.239074000000000009e+00	2.899357999999999880e+00	2.000000000000000000e+00
1.240749000000000102e+00	1.576160000000000005e+00	1.000000000000000000e+00
-1.240749000000000102e+00	1.423839999999999995e+00	2.000000000000000000e+00
1.244134000000000073e+00	6.577587999999999768e-01	1.000000000000000000e+00
-1.244134000000000073e+00	2.342241000000000017e+00	2.000000000000000000e+00
1.245583000000000107e+00	9.862568000000000445e-01	1.000000000000000000e+00
-1.245583000000000107e+00	2.013742999999999839e+00	2.000000000000000000e+00
1.250404999999999989e+00	9.808593999999999646e-02	1.000000000000000000e+00
-1.250404999999999989e+00	2.901914000000000105e+00	2.000000000000000000e+00
1.267541999999999947e+00	6.689644000000000146e-01	1.000000000000000000e+00
-1.267541999999999947e+00	2.331036000000000108e+00	2.000000000000000000e+00
1.269279000000000046e+00	2.603692000000000117e+00	1.000000000000000000e+00
-1.269279000000000046e+00	3.963081999999999994e-01	2.000000000000000000e+00
1.270358000000000098e+00	1.214855000000000018e+00	1.000000000000000000e+00
-1.270358000000000098e+00	1.785144999999999982e+00	2.000000000000000000e+00
1.271668000000000021e+00	3.070744000000000251e-01	1.000000000000000000e+00
-1.271668000000000021e+00	2.692925999999999931e+00	2.000000000000000000e+00
1.274480000000000057e+00	6.697058000000000177e-01	1.000000000000000000e+00
-1.274480000000000057e+00	2.330293999999999865e+00	2.000000000000000000e+00
1.274694999999999911e+00	1.986439000000000066e+00	1.000000000000000000e+00
-1.274694999999999911e+00	1.013560999999999934e+00	2.000000000000000000e+00
1.280134000000000105e+00	8.851200999999999652e-01	1.000000000000000000e+00
-1.280134000000000105e+00	2.114879999999999871e+00	2.000000000000000000e+00
1.282254000000000005e+00	4.725457000000000130e-01	1.000000000000000000e+00
-1.282254000000000005e+00	2.527454000000000089e+00	2.000000000000000000e+00
1.285765999999999964e+00	1.688430000000000097e+00	1.000000000000000000e+00
-1.285765999999999964e+00	1.311569999999999903e+00	2.000000000000000000e+00
1.290045000000000108e+00	5.711102999999999597e-01	1.000000000000000000e+00
-1.290045000000000108e+00	2.428889999999999993e+00	2.000000000000000000e+00
1.296324000000000032e+00	1.971730999999999900e-01	1.000000000000000000e+00
-1.296324000000000032e+00	2.802827000000000179e+00	2.000000000000000000e+00
1.303704999999999892e+00	1.010620999999999992e+00	1.000000000000000000e+00
-1.303704999999999892e+00	1.989379000000000008e+00	2.000000000000000000e+00
1.304497000000000018e+00	1.202017999999999975e-01	1.000000000000000000e+00
-1.304497000000000018e+00	2.879798000000000080e+00	2.000000000000000000e+00
1.305857999999999963e+00	6.003745000000000331e-01	1.000000000000000000e+00
-1.305857999999999963e+00	2.399626000000000037e+00	2.000000000000000000e+00
1.310170000000000057e+00	6.973374999999999713e-02	1.000000000000000000e+00
-1.310170000000000057e+00	2.930266000000000037e+00	2.000000000000000000e+00
1.312497999999999942e+00	1.407146999999999981e-01	1.000000000000000000e+00
-1.312497999999999942e+00	2.859284999999999854e+00	2.000000000000000000e+00
1.315123999999999960e+00	2.023283999999999916e-01	1.000000000000000000e+00
-1.315123999999999960e+00	2.797671999999999937e+00	2.000000000000000000e+00
1.320081000000000060e+00	4.763254000000000099e-01	1.000000000000000000e+00
-1.320081000000000060e+00	2.523674999999999891e+00	2.000000000000000000e+00
1.320683999999999969e+00	3.233908999999999812e-01	1.000000000000000000e+00
-1.320683999999999969e+00	2.676609000000000016e+00	2.000000000000000000e+00
1.330128999999999895e+00	3.651027000000000022e-01	1.000000000000000000e+00
-1.330128999999999895e+00	2.634897000000000045e+00	2.000000000000000000e+00
1.343444000000000083e+00	1.241047999999999929e+00	1.000000000000000000e+00
-1.343444000000000083e+00	1.758952000000000071e+00	2.000000000000000000e+00
1.369931000000000010e+00	6.961414000000000213e-01	1.000000000000000000e+00
-1.369931000000000010e+00	2.303859000000000101e+00	2.000000000000000000e+00
1.399999999999999911e+00	0.000000000000000000e+00	1.000000000000000000e+00
1.399999999999999911e+00	2.500000000000000000e-01	1.000000000000000000e+00
1.399999999999999911e+00	5.000000000000000000e-01	1.000000000000000000e+00
1.399999999999999911e+00	7.500000000000000000e-01	1.000000000000000000e+00
1.399999999999999911e+00	1.000000000000000000e+00	1.000000000000000000e+00
1.399999999999999911e+00	1.250000000000000000e+00	1.000000000000000000e+00
1.399999999999999911e+00	1.500000000000000000e+00	1.000000000000000000e+00
1.399999999999999911e+00	1.750000000000000000e+00	1.000000000000000000e+00
1.399999999999999911e+00	2.000000000000000000e+00	1.000000000000000000e+00
1.399999999999999911e+00	2.250000000000000000e+00	1.000000000000000000e+00
1.399999999999999911e+00	2.500000000000000000e+00	1.000000000000000000e+00
1.399999999999999911e+00	2.750000000000000000e+00	1.000000000000000000e+00
1.399999999999999911e+00	3.000000000000000000e+00	1.000000000000000000e+00
-1.399999999999999911e+00	3.000000000000000000e+00	2.000000000000000000e+00
-1.399999999999999911e+00	2.750000000000000000e+00	2.000000000000000000e+00
-1.399999999999999911e+00	2.500000000000000000e+00	2.000000000000000000e+00
-1.399999999999999911e+00	2.250000000000000000e+00	2.000000000000000000e+00
-1.399999999999999911e+00	2.000000000000000000e+00	2.000000000000000000e+00
-1.399999999999999911e+00	1.750000000000000000e+00	2.000000000000000000e+00
-1.399999999999999911e+00	1.500000000000000000e+00	2.000000000000000000e+00
-1.399999999999999911e+00	1.250000000000000000e+00	2.000000000000000000e+00
-1.399999999999999911e+00	1.000000000000000000e+00	2.000000000000000000e+00
-1.399999999999999911e+00	7.500000000000000000e-01	2.000000000000000000e+00
-1.399999999999999911e+00	5.000000000000000000e-01	2.000000000000000000e+00
-1.399999999999999911e+00	2.500000000000000000e-01	2.000000000000000000e+00
-1.399999999999999911e+00	0.000000000000000000e+00	2.000000000000000000e+00
1.408349999999999991e+00	1.591510999999999898e+00	1.000000000000000000e+00
-1.408349999999999991e+00	1.408489000000000102e+00	2.000000000000000000e+00
1.413521000000000027e+00	1.449481999999999937e+00	1.000000000000000000e+00
-1.413521000000000027e+00	1.550518000000000063e+00	2.000000000000000000e+00
1.416042000000000023e+00	4.899459999999999926e-01	1.000000000000000000e+00
-1.416042000000000023e+00	2.510053999999999785e+00	2.000000000000000000e+00
1.417386999999999952e+00	2.103272999999999948e-01	1.000000000000000000e+00
-1.417386999999999952e+00	2.789673000000000069e+00	2.000000000000000000e+00
1.424230000000000107e+00	1.201707000000000081e+00	1.000000000000000000e+00
-1.424230000000000107e+00	1.798292999999999919e+00	2.000000000000000000e+00
1.446212999999999971e+00	9.763581999999999539e-01	1.000000000000000000e+00
-1.446212999999999971e+00	2.023642000000000163e+00	2.000000000000000000e+00
1.446784999999999988e+00	4.056558000000000108e-01	1.000000000000000000e+00
-1.446784999999999988e+00	2.594343999999999983e+00	2.000000000000000000e+00
1.450077999999999978e+00	1.333536000000000055e+00	1.000000000000000000e+00
-1.450077999999999978e+00	1.666463999999999945e+00	2.000000000000000000e+00
1.452094999999999914e+00	1.939745000000000053e+00	1.000000000000000000e+00
-1.452094999999999914e+00	1.060254999999999947e+00	2.000000000000000000e+00
1.453084999999999960e+00	7.573801000000000005e-01	1.000000000000000000e+00
-1.453084999999999960e+00	2.242620000000000058e+00	2.000000000000000000e+00
1.454997000000000096e+00	3.769404000000000088e-01	1.000000000000000000e+00
-1.454997000000000096e+00	2.623060000000000169e+00	2.000000000000000000e+00
1.461839000000000111e+00	1.257298000000000027e+00	1.000000000000000000e+00
-1.461839000000000111e+00	1.742701999999999973e+00	2.000000000000000000e+00
1.482215999999999978e+00	5.261896999999999824e-01	1.000000000000000000e+00
-1.482215999999999978e+00	2.473809999999999842e+00	2.000000000000000000e+00
1.490636000000000072e+00	4.194578999999999946e-01	1.000000000000000000e+00
-1.490636000000000072e+00	2.580541999999999891e+00	2.000000000000000000e+00
1.505667000000000089e+00	1.358287000000000022e+00	1.000000000000000000e+00
-1.505667000000000089e+00	1.641712999999999978e+00	2.000000000000000000e+00
1.506453000000000042e+00	3.376765999999999934e-01	1.000000000000000000e+00
-1.506453000000000042e+00	2.662323000000000217e+00	2.000000000000000000e+00
1.507009000000000043e+00	2.509366000000000096e-01	1.000000000000000000e+00
-1.507009000000000043e+00	2.749063000000000034e+00	2.000000000000000000e+00
1.511424000000000101e+00	9.540324000000000026e-01	1.000000000000000000e+00
-1.511424000000000101e+00	2.045967999999999787e+00	2.000000000000000000e+00
1.532210999999999990e+00	6.807525000000000034e-03	1.000000000000000000e+00
-1.532210999999999990e+00	2.993192000000000075e+00	2.000000000000000000e+00
1.536264000000000074e+00	9.816808000000000201e-01	1.000000000000000000e+00
-1.536264000000000074e+00	2.018318999999999974e+00	2.000000000000000000e+00
1.540332999999999952e+00	6.397848999999999897e-01	1.000000000000000000e+00
-1.540332999999999952e+00	2.360215000000000174e+00	2.000000000000000000e+00
1.543973000000000040e+00	2.675702999999999943e+00	1.000000000000000000e+00
-1.543973000000000040e+00	3.242972000000000077e-01	2.000000000000000000e+00
1.545515999999999890e+00	7.194470999999999505e-02	1.000000000000000000e+00
-1.545515999999999890e+00	2.928055000000000074e+00	2.000000000000000000e+00
1.547072999999999920e+00	2.630119000000000207e-01	1.000000000000000000e+00
-1.547072999999999920e+00	2.736988000000000198e+00	2.000000000000000000e+00
1.562003999999999948e+00	1.222637999999999892e+00	1.000000000000000000e+00
-1.562003999999999948e+00	1.777362000000000108e+00	2.000000000000000000e+00
1.592648000000000064e+00	7.997232999999999425e-02	1.000000000000000000e+00
-1.592648000000000064e+00	2.920027999999999846e+00	2.000000000000000000e+00
1.596300999999999970e+00	1.318897999999999904e+00	1.000000000000000000e+00
-1.596300999999999970e+00	1.681102000000000096e+00	2.000000000000000000e+00
1.632112000000000007e+00	1.358487000000000000e+00	1.000000000000000000e+00
-1.632112000000000007e+00	1.641513000000000000e+00	2.000000000000000000e+00
1.641591000000000022e+00	1.768572999999999951e+00	1.000000000000000000e+00
-1.641591000000000022e+00	1.231427000000000049e+00	2.000000000000000000e+00
1.643056999999999990e+00	2.209366999999999859e+00	1.000000000000000000e+00
-1.643056999999999990e+00	7.906332000000000360e-01	2.000000000000000000e+00
1.649999999999999911e+00	0.000000000000000000e+00	1.000000000000000000e+00
1.649999999999999911e+00	2.500000000000000000e-01	1.000000000000000000e+00
1.649999999999999911e+00	5.000000000000000000e-01	1.000000000000000000e+00
1.649999999999999911e+00	7.500000000000000000e-01	1.000000000000000000e+00
1.649999999999999911e+00	1.000000000000000000e+00	1.000000000000000000e+00
1.649999999999999911e+00	1.250000000000000000e+00	1.000000000000000000e+00
1.649999999999999911e+00	1.500000000000000000e+00	1.000000000000000000e+00
1.649999999999999911e+00	1.750000000000000000e+00	1.000000000000000000e+00
1.649999999999999911e+00	2.000000000000000000e+00	1.000000000000000000e+00
1.649999999999999911e+00	2.250000000000000000e+00	1.000000000000000000e+00
1.649999999999999911e+00	2.500000000000000000e+00	1.000000000000000000e+00
1.649999999999999911e+00	2.750000000000000000e+00	1.000000000000000000e+00
1.649999999999999911e+00	3.000000000000000000e+00	1.000000000000000000e+00
-1.649999999999999911e+00	3.000000000000000000e+00	2.000000000000000000e+00
-1.649999999999999911e+00	2.750000000000000000e+00	2.000000000000000000e+00
-1.649999999999999911e+00	2.500000000000000000e+00	2.000000000000000000e+00
-1.649999999999999911e+00	2.250000000000000000e+00	2.000000000000000000e+00
-1.649999999999999911e+00	2.000000000000000000e+00	2.000000000000000000e+00
-1.649999999999999911e+00	1.750000000000000000e+00	2.000000000000000000e+00
-1.649999999999999911e+00	1.500000000000000000e+00	2.000000000000000000e+00
-1.649999999999999911e+00	1.250000000000000000e+00	2.000000000000000000e+00
-1.649999999999999911e+00	1.000000000000000000e+00	2.000000000000000000e+00
-1.649999999999999911e+00	7.500000000000000000e-01	2.000000000000000000e+00
-1.649999999999999911e+00	5.000000000000000000e-01	2.000000000000000000e+00
-1.649999999999999911e+00	2.500000000000000000e-01	2.000000000000000000e+00
-1.649999999999999911e+00	0.000000000000000000e+00	2.000000000000000000e+00
1.657863000000000087e+00	1.562885999999999997e+00	1.000000000000000000e+00
-1.657863000000000087e+00	1.437114000000000003e+00	2.000000000000000000e+00
1.660203000000000095e+00	3.493980999999999892e-01	1.000000000000000000e+00
-1.660203000000000095e+00	2.650602000000000125e+00	2.000000000000000000e+00
1.674395999999999995e+00	2.918159999999999865e+00	1.000000000000000000e+00
-1.674395999999999995e+00	8.183978000000000086e-02	2.000000000000000000e+00
1.689081999999999972e+00	9.493460000000000232e-01	1.000000000000000000e+00
-1.689081999999999972e+00	2.050654000000000199e+00	2.000000000000000000e+00
1.699918000000000040e+00	2.106592000000000020e+00	1.000000000000000000e+00
-1.699918000000000040e+00	8.934081000000000383e-01	2.000000000000000000e+00
1.720742999999999912e+00	2.069709000000000021e+00	1.000000000000000000e+00
-1.720742999999999912e+00	9.302911999999999848e-01	2.000000000000000000e+00
1.734569999999999945e+00	1.703546999999999922e+00	1.000000000000000000e+00
-1.734569999999999945e+00	1.296453000000000078e+00	2.000000000000000000e+00
1.748466000000000076e+00	4.967805000000000137e-01	1.000000000000000000e+00
-1.748466000000000076e+00	2.503219999999999779e+00	2.000000000000000000e+00
1.750793999999999961e+00	1.142749000000000015e+00	1.000000000000000000e+00
-1.750793999999999961e+00	1.857250999999999985e+00	2.000000000000000000e+00
1.754035000000000011e+00	2.173855000000000093e+00	1.000000000000000000e+00
-1.754035000000000011e+00	8.261444999999999483e-01	2.000000000000000000e+00
1.755268000000000050e+00	1.885972999999999955e-01	1.000000000000000000e+00
-1.755268000000000050e+00	2.811402999999999874e+00	2.000000000000000000e+00
1.774999999999999911e+00	2.125000000000000000e+00	1.000000000000000000e+00
1.774999999999999911e+00	2.375000000000000000e+00	1.000000000000000000e+00
1.774999999999999911e+00	2.625000000000000000e+00	1.000000000000000000e+00
1.774999999999999911e+00	2.875000000000000000e+00	1.000000000000000000e+00
-1.774999999999999911e+00	8.750000000000000000e-01	2.000000000000000000e+00
-1.774999999999999911e+00	6.250000000000000000e-01	2.000000000000000000e+00
-1.774999999999999911e+00	3.750000000000000000e-01	2.000000000000000000e+00
-1.774999999999999911e+00	1.250000000000000000e-01	2.000000000000000000e+00
1.791838999999999960e+00	6.673474000000000073e-02	1.000000000000000000e+00
-1.791838999999999960e+00	2.933265000000000011e+00	2.000000000000000000e+00
1.795714000000000032e+00	1.806921999999999917e+00	1.000000000000000000e+00
-1.795714000000000032e+00	1.193078000000000083e+00	2.000000000000000000e+00
1.826988999999999974e+00	3.610095999999999861e-01	1.000000000000000000e+00
-1.826988999999999974e+00	2.638990000000000169e+00	2.000000000000000000e+00
1.837698999999999971e+00	1.995667000000000080e+00	1.000000000000000000e+00
-1.837698999999999971e+00	1.004332999999999920e+00	2.000000000000000000e+00
1.847610999999999892e+00	2.293170999999999959e-01	1.000000000000000000e+00
-1.847610999999999892e+00	2.770683000000000007e+00	2.000000000000000000e+00
1.857834999999999903e+00	1.823277000000000037e+00	1.000000000000000000e+00
-1.857834999999999903e+00	1.176722999999999963e+00	2.000000000000000000e+00
1.881343999999999905e+00	1.501521000000000106e+00	1.000000000000000000e+00
-1.881343999999999905e+00	1.498478999999999894e+00	2.000000000000000000e+00
1.899999999999999911e+00	0.000000000000000000e+00	1.000000000000000000e+00
1.899999999999999911e+00	2.500000000000000000e-01	1.000000000000000000e+00
1.899999999999999911e+00	5.000000000000000000e-01	1.000000000000000000e+00
1.899999999999999911e+00	7.500000000000000000e-01	1.000000000000000000e+00
1.899999999999999911e+00	1.000000000000000000e+00	1.000000000000000000e+00
1.899999999999999911e+00	1.250000000000000000e+00	1.000000000000000000e+00
1.899999999999999911e+00	1.500000000000000000e+00	1.000000000000000000e+00
1.899999999999999911e+00	1.750000000000000000e+00	1.000000000000000000e+00
1.899999999999999911e+00	2.000000000000000000e+00	1.000000000000000000e+00
1.899999999999999911e+00	2.250000000000000000e+00	1.000000000000000000e+00
1.899999999999999911e+00	2.500000000000000000e+00	1.000000000000000000e+00
1.899999999999999911e+00	2.750000000000000000e+00	1.000000000000000000e+00
1.899999999999999911e+00	3.000000000000000000e+00	1.000000000000000000e+00
-1.899999999999999911e+00	3.000000000000000000e+00	2.000000000000000000e+00
-1.899999999999999911e+00	2.750000000000000000e+00	2.000000000000000000e+00
-1.899999999999999911e+00	2.500000000000000000e+00	2.000000000000000000e+00
-1.899999999999999911e+00	2.250000000000000000e+00	2.000000000000000000e+00
-1.899999999999999911e+00	2.000000000000000000e+00	2.000000000000000000e+00
-1.899999999999999911e+00	1.750000000000000000e+00	2.000000000000000000e+00
-1.899999999999999911e+00	1.500000000000000000e+00	2.000000000000000000e+00
-1.899999999999999911e+00	1.250000000000000000e+00	2.000000000000000000e+00
-1.899999999999999911e+00	1.000000000000000000e+00	2.000000000000000000e+00
-1.899999999999999911e+00	7.500000000000000000e-01	2.000000000000000000e+00
-1.899999999999999911e+00	5.000000000000000000e-01	2.000000000000000000e+00
-1.899999999999999911e+00	2.500000000000000000e-01	2.000000000000000000e+00
-1.899999999999999911e+00	0.000000000000000000e+00	2.000000000000000000e+00
1.924209000000000058e+00	2.025476999999999972e+00	1.000000000000000000e+00
-1.924209000000000058e+00	9.745228999999999697e-01	2.000000000000000000e+00
1.936914999999999942e+00	1.873453999999999953e+00	1.000000000000000000e+00
-1.936914999999999942e+00	1.126546000000000047e+00	2.000000000000000000e+00
1.948701000000000016e+00	5.640252000000000043e-01	1.000000000000000000e+00
-1.948701000000000016e+00	2.435975000000000001e+00	2.000000000000000000e+00
1.964493999999999962e+00	1.868870999999999949e+00	1.000000000000000000e+00
-1.964493999999999962e+00	1.131129000000000051e+00	2.000000000000000000e+00
1.966040999999999928e+00	8.788121000000000127e-02	1.000000000000000000e+00
-1.966040999999999928e+00	2.912119000000000124e+00	2.000000000000000000e+00
1.971877000000000102e+00	3.248629000000000100e-01	1.000000000000000000e+00
-1.971877000000000102e+00	2.675136999999999876e+00	2.000000000000000000e+00
1.992761999999999922e+00	4.994981000000000004e-01	1.000000000000000000e+00
-1.992761999999999922e+00	2.500502000000000002e+00	2.000000000000000000e+00
1.993903999999999899e+00	1.154274000000000022e+00	1.000000000000000000e+00
-1.993903999999999899e+00	1.845725999999999978e+00	2.000000000000000000e+00
1.994329999999999936e+00	2.361536000000000080e+00	1.000000000000000000e+00
-1.994329999999999936e+00	6.384642999999999846e-01	2.000000000000000000e+00
2.004049999999999887e+00	2.485924999999999940e-01	1.000000000000000000e+00
-2.004049999999999887e+00	2.751406999999999936e+00	2.000000000000000000e+00
2.022060000000000191e+00	1.130335999999999980e-01	1.000000000000000000e+00
-2.022060000000000191e+00	2.886966000000000143e+00	2.000000000000000000e+00
2.024999999999999911e+00	2.125000000000000000e+00	1.000000000000000000e+00
2.024999999999999911e+00	2.375000000000000000e+00	1.000000000000000000e+00
2.024999999999999911e+00	2.625000000000000000e+00	1.000000000000000000e+00
2.024999999999999911e+00	2.875000000000000000e+00	1.000000000000000000e+00
-2.024999999999999911e+00	8.750000000000000000e-01	2.000000000000000000e+00
-2.024999999999999911e+00	6.250000000000000000e-01	2.000000000000000000e+00
-2.024999999999999911e+00	3.750000000000000000e-01	2.000000000000000000e+00
-2.024999999999999911e+00	1.250000000000000000e-01	2.000000000000000000e+00
2.030113000000000056e+00	8.981919000000000430e-01	1.000000000000000000e+00
-2.030113000000000056e+00	2.101808000000000121e+00	2.000000000000000000e+00
2.106224999999999792e+00	4.858181999999999778e-01	1.000000000000000000e+00
-2.106224999999999792e+00	2.514181999999999917e+00	2.000000000000000000e+00
2.131562999999999874e+00	9.408606000000000469e-01	1.000000000000000000e+00
-2.131562999999999874e+00	2.059139000000000053e+00	2.000000000000000000e+00
2.133580999999999950e+00	1.023041000000000089e+00	1.000000000000000000e+00
-2.133580999999999950e+00	1.976958999999999911e+00	2.000000000000000000e+00
2.146148999999999862e+00	9.403983999999999677e-01	1.000000000000000000e+00
-2.146148999999999862e+00	2.059601999999999933e+00	2.000000000000000000e+00
2.149999999999999911e+00	0.000000000000000000e+00	1.000000000000000000e+00
2.149999999999999911e+00	2.500000000000000000e-01	1.000000000000000000e+00
2.149999999999999911e+00	5.000000000000000000e-01	1.000000000000000000e+00
2.149999999999999911e+00	7.500000000000000000e-01	1.000000000000000000e+00
2.149999999999999911e+00	1.000000000000000000e+00	1.000000000000000000e+00
2.149999999999999911e+00	1.250000000000000000e+00	1.000000000000000000e+00
2.149999999999999911e+00	1.500000000000000000e+00	1.000000000000000000e+00
2.149999999999999911e+00	1.750000000000000000e+00	1.000000000000000000e+00
2.149999999999999911e+00	2.000000000000000000e+00	1.000000000000000000e+00
2.149999999999999911e+00	2.250000000000000000e+00	1.000000000000000000e+00
2.149999999999999911e+00	2.500000000000000000e+00	1.000000000000000000e+00
2.149999999999999911e+00	2.750000000000000000e+00	1.000000000000000000e+00
2.149999999999999911e+00	3.000000000000000000e+00	1.000000000000000000e+00
-2.149999999999999911e+00	3.000000000000000000e+00	2.000000000000000000e+00
-2.149999999999999911e+00	2.750000000000000000e+00	2.000000000000000000e+00
-2.149999999999999911e+00	2.500000000000000000e+00	2.000000000000000000e+00
-2.149999999999999911e+00	2.250000000000000000e+00	2.000000000000000000e+00
-2.149999999999999911e+00	2.000000000000000000e+00	2.000000000000000000e+00
-2.149999999999999911e+00	1.750000000000000000e+00	2.000000000000000000e+00
-2.149999999999999911e+00	1.500000000000000000e+00	2.000000000000000000e+00
-2.149999999999999911e+00	1.250000000000000000e+00	2.000000000000000000e+00
-2.149999999999999911e+00	1.000000000000000000e+00	2.000000000000000000e+00
-2.149999999999999911e+00	7.500000000000000000e-01	2.000000000000000000e+00
-2.149999999999999911e+00	5.000000000000000000e-01	2.000000000000000000e+00
-2.149999999999999911e+00	2.500000000000000000e-01	2.000000000000000000e+00
-2.149999999999999911e+00	0.000000000000000000e+00	2.000000000000000000e+00
